1000
380 578 4
87 983 4
261 268 9
631 720 5
929 983 13
102 290 14
264 466 7
719 720 2
141 444 8
281 614 12
401 895 14
55 990 6
141 886 1
287 288 3
470 728 7
40 74 3
419 567 6
12 281 12
690 727 9
401 592 5
207 430 3
580 581 13
535 878 1
445 567 6
466 608 15
401 648 3
272 614 10
231 614 15
322 683 6
967 968 5
106 182 11
736 886 15
249 250 3
586 587 6
307 924 6
72 73 9
608 764 4
139 633 10
59 60 4
131 132 6
415 502 3
281 282 8
886 984 9
278 895 13
194 804 7
428 429 15
279 401 14
808 809 11
182 528 2
821 822 3
159 160 14
535 536 3
36 37 12
803 804 3
615 803 13
580 821 5
26 501 15
418 633 5
354 355 14
433 547 9
234 235 11
435 804 1
119 281 13
658 784 15
855 935 15
141 556 8
74 919 1
584 585 1
183 230 4
946 947 1
7 870 11
253 749 15
237 813 15
514 760 14
307 760 10
307 649 6
699 835 15
433 885 12
645 658 5
156 264 13
911 912 1
263 497 6
710 711 7
501 859 10
407 408 9
264 265 12
26 445 8
329 533 7
179 410 15
936 937 13
764 953 5
253 294 15
141 181 2
569 570 2
264 642 1
921 931 6
87 182 12
669 670 13
112 467 14
74 676 14
880 935 15
301 563 2
294 500 4
65 479 5
634 635 12
776 931 11
95 852 6
352 788 2
150 765 1
501 656 7
181 279 8
156 855 10
342 343 14
803 912 6
380 855 9
948 1000 5
466 642 15
39 62 1
971 993 12
533 781 11
627 628 12
690 734 11
835 985 7
78 188 10
119 796 3
180 863 12
181 982 10
248 372 12
320 321 5
225 699 1
444 736 12
66 763 4
766 798 3
727 783 4
417 548 13
355 772 1
253 397 11
179 430 7
8 466 2
349 772 13
523 524 13
5 980 15
665 940 10
751 992 2
141 218 2
428 506 11
134 264 5
428 679 10
859 860 14
387 697 8
346 671 3
455 690 2
433 715 1
127 668 8
432 986 6
362 373 15
102 785 3
264 986 10
218 736 14
74 772 10
105 351 2
462 463 11
63 64 3
698 699 8
592 718 8
455 727 9
257 925 15
74 100 11
102 771 7
134 813 3
218 984 4
173 781 3
294 482 2
520 863 8
279 676 14
166 616 13
356 357 9
510 528 10
479 510 14
643 644 13
218 927 5
138 982 3
76 984 7
358 359 3
68 886 1
430 693 13
293 294 4
499 581 11
664 978 4
397 771 1
635 636 3
228 1000 14
80 785 8
39 649 5
72 532 1
687 688 2
208 984 12
261 783 12
622 623 9
821 901 11
480 481 3
80 346 13
252 945 14
78 387 1
352 911 5
319 694 13
102 699 7
381 488 1
748 984 14
156 231 12
133 886 3
255 986 3
469 897 13
336 513 10
621 645 3
428 876 2
346 941 4
286 971 13
460 461 3
629 676 15
387 501 14
709 935 11
979 980 10
991 992 7
289 507 15
77 981 3
23 547 15
218 445 2
329 592 2
359 360 2
230 971 9
400 802 7
771 941 2
224 487 4
40 281 5
80 482 3
63 985 11
918 919 5
261 734 6
811 812 11
208 841 2
165 251 9
482 749 1
86 87 10
749 835 5
432 851 6
230 434 4
292 293 12
379 635 6
529 824 11
367 368 3
263 782 13
415 416 1
166 182 13
693 894 15
68 859 11
55 570 5
615 993 10
61 62 10
76 294 9
97 615 6
195 484 15
205 564 5
179 669 2
134 206 9
176 856 12
885 972 3
367 570 9
22 23 5
127 615 9
79 80 7
180 621 1
510 734 11
327 328 2
278 592 2
15 318 4
74 822 3
155 156 13
713 714 6
133 712 10
8 418 4
106 210 10
134 156 6
656 912 15
233 234 3
894 895 9
139 525 12
122 330 5
210 614 6
444 841 9
6 722 2
527 804 9
910 971 6
876 931 9
753 829 4
173 944 10
287 931 13
218 294 13
828 872 7
835 850 14
271 510 14
74 156 3
237 984 3
7 822 3
470 941 6
578 633 11
137 260 5
703 863 10
606 607 14
364 803 7
841 928 6
63 346 5
114 428 2
703 765 10
435 716 2
200 230 4
466 467 5
266 929 11
550 759 8
344 345 14
294 712 8
644 709 12
807 944 4
240 241 10
380 614 6
5 390 3
238 239 12
154 996 3
260 437 3
281 578 5
970 971 2
264 410 2
222 954 6
65 528 6
74 669 5
478 479 1
133 736 5
12 63 1
127 912 7
194 940 7
183 337 9
289 797 6
77 467 7
229 230 14
592 895 6
455 736 1
112 307 13
87 344 3
940 967 14
119 253 14
145 859 6
102 253 12
137 769 5
855 856 12
100 981 10
78 284 12
143 677 5
972 973 3
80 294 10
592 593 9
690 832 3
851 852 14
906 907 9
449 450 15
390 665 3
182 917 7
23 457 1
134 578 12
785 835 1
355 418 14
544 798 3
290 796 6
537 699 11
73 74 7
133 614 7
355 642 4
517 547 9
26 444 10
183 947 1
484 798 3
734 735 12
611 768 6
146 896 12
428 929 2
694 983 14
127 387 1
290 771 2
151 268 15
138 181 8
516 517 8
633 953 11
749 796 15
74 350 13
210 578 9
706 707 3
401 455 3
545 699 12
213 328 12
455 715 9
590 591 8
466 669 14
447 448 11
112 165 8
45 416 1
448 449 2
349 764 2
284 803 2
170 830 12
790 791 10
428 983 11
471 479 15
697 971 2
225 294 12
205 467 10
237 418 13
237 640 8
179 349 9
671 835 10
287 428 14
33 34 9
783 832 13
649 650 1
658 941 13
166 788 12
226 781 15
228 430 1
151 755 10
640 693 8
656 697 7
545 671 8
204 437 14
676 677 1
61 74 9
784 941 1
307 328 9
430 953 1
430 661 9
349 693 13
40 156 4
227 882 1
459 460 2
181 261 9
614 862 15
464 465 6
214 215 4
676 858 14
410 670 15
401 690 4
51 245 1
294 736 14
64 795 9
711 982 11
324 325 10
138 139 8
275 928 8
267 268 11
116 117 13
68 444 1
294 886 5
763 764 13
656 971 6
279 329 1
734 982 10
175 176 6
329 651 6
284 501 12
344 802 11
210 935 13
287 679 11
416 991 10
156 281 8
87 679 13
782 783 6
173 226 9
397 796 13
182 271 3
640 641 15
252 777 12
72 393 4
856 922 8
204 448 4
908 909 14
68 275 3
26 712 10
479 651 11
82 83 2
645 863 7
266 910 15
201 401 6
837 838 7
222 245 5
61 880 14
856 957 9
366 367 9
133 928 15
506 921 8
180 255 5
184 981 11
51 802 4
379 433 14
321 322 3
142 697 15
200 201 14
182 510 13
393 729 15
794 942 2
351 352 4
736 816 10
955 956 6
384 385 5
147 148 2
127 364 5
119 545 2
699 749 1
840 841 9
97 364 8
614 855 8
23 503 10
750 751 14
567 859 1
27 734 2
446 677 5
8 355 13
129 668 9
557 838 1
146 874 2
677 803 14
134 614 9
709 880 9
7 856 10
106 107 2
473 474 15
40 709 10
734 992 10
367 969 5
312 556 9
368 419 9
289 843 10
170 171 3
80 253 11
78 344 13
273 784 2
191 437 4
255 367 12
12 80 11
36 901 12
776 983 14
451 489 12
609 610 3
250 434 11
466 984 12
141 501 2
669 748 14
266 921 1
145 557 4
231 986 1
140 141 4
76 312 4
137 138 8
564 577 3
633 670 3
145 218 10
307 348 9
921 983 11
106 929 4
614 816 7
281 796 8
266 983 3
28 567 13
26 984 10
444 501 6
231 992 2
290 545 2
184 870 15
322 581 1
224 796 10
290 749 13
183 460 4
341 998 3
700 701 14
777 778 12
482 771 14
696 697 1
227 784 12
307 957 10
751 752 11
181 895 10
435 737 8
418 661 12
604 756 2
78 548 3
208 556 4
397 749 15
788 789 15
78 891 8
759 760 14
816 886 13
191 192 7
274 430 2
444 614 13
284 585 2
367 978 2
628 629 12
956 957 8
12 225 10
489 513 15
284 697 13
469 529 7
357 358 14
383 758 12
574 661 1
181 832 2
481 482 8
76 859 8
24 73 7
481 784 9
461 640 4
776 929 12
343 716 10
51 880 7
607 664 13
261 727 1
364 529 11
564 992 1
744 745 8
86 273 13
602 603 12
568 788 6
218 219 13
51 891 12
218 886 5
145 614 1
55 367 1
501 697 6
252 520 14
179 661 14
430 748 5
264 935 11
539 993 6
115 116 2
157 380 14
125 126 14
207 669 3
677 772 14
74 736 9
642 748 4
633 748 4
106 344 14
508 804 12
181 715 6
231 734 3
235 236 1
195 738 6
539 971 2
770 771 11
125 547 10
165 872 9
548 585 5
157 709 6
151 261 15
668 669 2
891 919 2
686 727 8
159 228 6
271 777 14
903 904 8
433 434 5
385 386 11
165 352 12
100 279 4
281 547 2
807 808 5
126 385 13
545 785 11
430 466 15
106 679 3
337 892 2
420 421 9
218 614 5
416 444 9
74 466 10
587 961 7
578 880 15
161 242 5
533 715 12
885 886 4
71 72 6
34 35 7
237 349 12
613 682 5
416 556 10
435 599 1
281 428 12
173 268 9
27 510 1
275 419 8
165 358 12
976 977 1
500 841 1
658 779 15
423 802 6
59 697 2
205 613 3
381 382 8
537 771 10
275 712 12
661 669 15
395 396 11
40 41 12
642 772 8
106 737 2
138 715 7
526 717 8
102 763 6
318 814 14
364 772 4
133 419 8
367 526 5
520 703 12
112 760 8
444 445 1
63 294 13
279 734 3
649 738 15
786 787 3
208 368 5
800 801 13
418 772 1
578 986 15
74 802 11
155 917 1
140 473 11
729 844 10
404 859 11
74 614 5
875 876 14
74 210 1
188 880 12
649 924 5
715 783 5
141 816 10
548 803 4
12 112 7
567 693 7
445 859 2
176 587 7
296 639 12
872 873 8
340 486 14
736 822 3
77 100 4
785 786 9
162 856 2
143 786 1
228 264 9
525 526 6
852 853 7
179 180 11
685 686 12
608 609 14
709 986 10
307 467 5
12 13 9
506 983 7
654 795 9
75 488 7
119 537 5
851 978 14
410 953 11
457 547 7
181 455 3
230 487 11
191 769 3
268 748 7
562 563 9
346 835 4
554 555 4
669 764 9
145 886 9
180 664 6
27 28 6
36 151 13
294 416 3
779 784 15
308 309 3
222 223 14
200 825 4
191 260 2
498 548 1
87 287 1
664 929 7
501 886 13
145 444 10
115 525 4
326 633 14
208 416 8
8 764 10
8 237 11
156 210 15
264 418 8
225 545 10
380 986 4
208 712 1
319 506 8
7 173 12
642 764 2
92 343 7
26 218 13
141 613 10
528 636 2
283 312 2
772 984 13
188 975 6
12 119 5
312 416 15
340 341 10
224 225 12
372 659 3
180 645 15
621 798 1
685 821 15
665 666 13
539 548 5
783 895 15
40 855 7
7 711 1
850 878 7
73 524 12
482 685 1
201 998 13
644 917 13
212 213 4
76 145 3
419 712 15
134 986 8
301 751 4
578 644 5
58 59 2
25 926 5
567 886 1
989 990 6
172 580 1
12 346 7
228 349 7
996 997 13
948 949 10
533 690 10
435 520 3
125 816 4
547 626 5
278 401 7
805 806 14
138 651 12
182 252 12
401 982 6
188 222 9
266 664 2
385 829 12
228 640 6
332 919 6
543 544 11
355 410 10
275 312 12
297 734 5
593 594 13
326 449 15
608 661 14
59 142 5
218 501 6
381 633 12
644 935 1
542 543 12
294 567 10
80 102 14
427 642 12
7 233 5
532 788 9
459 727 14
390 649 5
77 78 13
257 418 12
224 460 1
444 712 7
444 886 7
102 830 3
25 433 3
272 275 1
237 430 11
567 759 4
207 410 4
379 488 15
156 614 10
897 898 12
962 963 2
445 928 8
668 993 10
218 416 13
352 626 12
65 510 1
87 88 7
461 462 14
337 875 3
614 629 9
677 786 3
268 944 10
350 802 6
88 481 2
172 685 4
544 545 2
957 958 15
465 798 7
410 764 5
294 545 6
693 694 14
151 685 4
237 427 13
532 911 3
669 953 15
61 822 15
875 926 3
87 929 11
122 154 5
644 727 6
133 841 6
73 214 15
418 748 4
281 855 1
222 919 8
290 941 13
581 582 13
8 642 6
585 910 11
556 841 15
180 978 7
200 273 1
583 584 10
471 606 8
374 375 5
145 275 3
387 971 7
228 274 6
281 785 4
200 286 2
471 547 14
228 633 3
106 876 5
12 294 12
367 664 11
506 929 10
51 736 9
429 616 10
430 431 13
501 971 13
7 817 14
73 393 12
129 364 12
329 832 13
87 319 10
425 998 15
290 671 6
513 910 2
526 851 9
74 764 15
539 772 12
221 941 11
923 924 6
794 828 1
135 136 13
157 505 5
337 338 11
119 482 1
210 644 11
76 500 10
697 912 9
97 656 10
183 224 7
194 415 4
39 195 8
587 588 6
182 183 13
445 984 4
664 876 11
100 760 14
428 921 3
205 583 6
550 551 13
106 921 15
330 401 10
415 508 13
61 245 11
548 911 11
876 929 11
63 545 2
141 275 6
330 996 1
764 984 2
352 981 10
364 824 12
771 835 2
474 475 6
349 669 2
671 785 5
545 941 2
520 945 10
55 56 11
548 971 2
482 985 9
886 928 13
763 916 1
76 208 9
816 817 13
481 808 15
364 585 12
600 601 10
231 578 1
157 935 5
268 269 15
74 709 2
916 917 13
715 734 1
68 816 2
115 633 1
487 796 9
711 870 7
416 567 3
275 556 3
112 133 13
150 435 9
218 368 12
119 771 11
208 218 2
373 894 5
278 715 3
222 344 8
155 370 14
690 718 2
784 785 3
432 852 10
173 748 2
152 153 12
329 330 12
59 585 6
127 539 2
618 619 3
139 408 7
108 109 5
261 533 9
435 859 7
275 444 3
850 930 2
780 781 14
578 855 7
626 949 14
253 482 9
63 671 2
500 859 5
429 430 13
387 656 13
880 891 8
547 816 10
137 750 12
418 670 3
350 455 6
427 693 14
921 922 6
264 614 4
531 532 5
281 294 13
115 139 2
141 614 9
355 427 6
444 500 11
80 119 3
444 928 6
469 470 14
715 872 14
501 912 10
659 660 7
727 734 5
133 368 6
482 545 5
119 294 11
443 919 10
24 312 1
747 748 1
455 919 12
442 487 3
275 816 6
644 896 15
287 344 10
501 736 11
587 594 12
525 633 3
74 222 8
8 74 4
841 886 12
417 772 10
634 874 4
337 926 10
222 802 3
343 765 4
233 523 9
774 775 13
466 640 7
665 967 8
417 697 5
77 957 4
141 712 8
59 677 3
677 697 13
132 133 6
184 711 1
100 307 6
290 294 10
364 548 4
872 896 15
417 993 12
287 776 1
567 736 14
145 294 9
145 419 8
319 876 9
117 910 2
68 294 3
142 539 9
265 266 5
444 859 12
445 556 3
74 891 5
65 917 6
705 706 10
501 993 3
390 967 2
134 709 10
938 939 4
401 533 11
432 881 12
792 992 2
636 813 13
46 47 8
547 548 8
419 816 15
150 716 13
438 439 4
59 656 10
711 712 15
624 625 13
467 468 8
253 346 8
417 615 3
208 816 8
380 782 3
5 606 9
225 253 6
88 352 10
275 927 1
156 935 15
578 579 9
166 271 10
723 724 15
655 910 13
261 690 4
287 876 5
230 460 9
580 860 11
501 502 6
370 644 3
85 86 3
84 85 13
645 859 7
466 633 6
640 642 9
694 876 2
307 596 5
262 605 11
94 95 8
229 763 12
615 616 6
80 835 2
900 901 14
56 57 5
8 748 7
633 677 5
294 699 11
533 651 2
784 882 4
929 930 3
816 859 8
760 957 2
142 364 9
654 656 1
59 129 14
151 944 7
262 359 5
161 236 12
418 640 4
769 770 15
365 366 13
74 640 1
26 419 1
180 716 8
527 528 3
78 364 8
88 626 14
277 278 15
656 677 10
283 284 6
413 414 14
496 658 12
163 164 7
253 281 13
844 878 8
59 341 9
401 402 6
428 776 3
772 971 8
279 783 10
482 941 3
547 949 14
172 860 15
261 278 13
59 539 6
317 599 4
595 596 13
151 580 15
455 651 4
987 988 14
372 425 10
419 841 8
40 644 4
214 393 5
410 411 4
484 974 12
344 655 4
368 500 1
845 846 7
179 228 15
162 922 3
25 875 10
97 910 4
537 796 9
151 860 13
88 89 5
728 729 9
548 615 15
28 251 2
650 651 1
304 305 6
255 664 1
582 789 13
710 878 8
294 295 1
112 205 6
430 670 5
197 435 12
272 279 1
148 949 13
284 677 5
223 507 5
656 910 7
668 677 10
78 245 6
138 832 12
197 599 1
194 665 10
870 871 12
278 982 13
969 970 13
874 875 3
158 159 14
40 134 2
247 776 3
215 659 8
673 674 4
412 792 1
390 471 5
76 841 7
183 442 13
381 786 13
218 444 3
106 694 7
444 984 12
252 253 8
410 661 1
200 394 1
200 624 9
274 355 2
724 782 4
159 1000 13
126 969 12
418 693 4
63 225 6
228 669 4
157 508 15
138 279 12
74 578 15
382 998 10
504 505 10
633 644 8
736 880 9
671 771 15
449 872 9
645 703 11
456 457 6
231 583 11
202 203 6
352 532 14
467 611 3
734 895 11
133 850 7
533 783 5
651 895 12
332 583 13
455 802 8
208 419 15
307 514 2
184 760 4
281 771 14
802 803 9
418 642 5
264 633 8
479 622 13
168 169 15
145 208 6
500 886 4
237 669 13
501 772 14
482 537 9
631 632 14
621 703 13
393 394 1
670 748 2
4 961 8
564 565 6
194 505 4
61 188 1
906 912 3
183 367 10
173 174 15
255 432 1
646 647 15
26 275 4
771 985 11
401 715 1
7 525 11
156 578 5
669 984 14
111 112 11
284 910 7
119 699 1
274 984 7
281 380 4
809 810 1
368 984 1
410 633 7
166 945 10
430 984 14
264 748 4
67 221 13
63 397 3
188 230 7
610 611 9
702 703 8
145 416 15
251 768 11
614 615 3
397 699 13
134 183 7
129 677 4
430 772 15
614 972 1
416 736 7
301 302 9
61 222 3
567 833 13
670 693 5
222 736 11
319 921 14
150 520 6
408 409 1
427 806 7
49 50 3
155 644 13
467 957 10
737 738 11
218 556 11
597 598 15
716 717 15
722 723 4
718 982 3
325 326 13
265 798 13
736 919 12
109 205 8
455 533 5
367 851 4
445 712 4
547 986 5
230 796 6
273 658 6
217 305 14
188 286 7
536 608 15
364 387 4
150 343 3
433 614 15
520 521 1
782 993 13
500 567 6
662 663 3
501 816 3
433 577 6
134 157 14
154 155 12
97 677 10
253 785 6
101 266 5
184 957 11
264 640 8
142 585 9
316 317 2
633 634 9
427 430 2
217 218 14
548 656 2
455 592 6
613 614 7
481 714 7
668 971 14
180 607 11
388 389 9
221 829 15
425 426 15
12 397 12
318 319 4
679 680 1
142 548 5
28 759 13
461 789 5
214 844 14
156 709 8
228 670 9
141 927 14
74 984 9
830 859 3
68 69 1
126 367 8
939 940 9
344 506 10
727 781 15
329 781 12
510 917 8
67 179 9
419 501 4
520 716 15
693 748 15
182 664 14
375 376 4
816 841 15
481 902 9
151 772 8
661 764 7
202 297 8
344 350 9
651 718 8
734 872 8
329 734 10
910 911 11
205 782 11
611 870 11
4 181 4
675 676 7
331 332 5
712 928 3
364 912 5
247 248 13
114 449 12
294 444 5
180 343 2
290 482 7
179 427 15
922 957 9
188 919 3
59 857 9
255 978 6
898 899 3
697 698 13
392 393 9
526 664 5
4 604 1
793 794 12
201 685 7
51 350 9
482 648 8
8 984 12
7 961 10
67 322 7
78 127 8
929 931 11
406 407 6
51 74 7
740 741 11
184 817 7
500 614 14
640 764 1
312 736 15
782 828 5
986 987 1
281 346 1
225 985 12
148 317 15
435 703 8
165 759 11
159 497 9
179 207 2
299 443 11
210 633 1
166 745 6
74 748 14
8 179 12
416 841 2
427 633 10
74 264 7
616 745 8
343 520 12
264 661 10
65 587 4
621 724 11
208 614 8
905 906 4
753 754 5
97 501 14
6 821 9
65 271 9
28 206 12
134 434 6
935 936 6
181 783 1
400 423 12
362 894 9
397 985 14
336 344 2
62 738 9
57 66 6
621 634 7
206 207 9
503 553 14
711 817 14
78 880 1
416 859 4
297 423 13
284 912 4
125 400 15
432 526 5
184 514 8
185 186 11
694 931 6
410 642 8
78 993 14
165 567 15
641 642 14
275 500 8
859 927 15
100 112 14
26 68 2
526 986 11
74 410 8
281 709 9
372 772 6
778 779 14
592 781 11
302 975 1
110 111 9
142 498 11
141 312 11
137 435 14
65 790 8
294 782 11
547 614 2
87 776 12
213 214 8
133 312 15
274 670 5
645 716 10
610 844 3
119 290 11
337 947 8
443 444 15
482 785 3
240 874 3
394 395 1
624 825 15
738 739 11
644 986 12
208 444 13
245 455 15
145 445 13
329 455 14
159 539 14
195 798 9
14 15 4
141 145 10
183 796 4
228 427 1
141 859 8
403 885 11
64 382 4
731 732 6
621 692 2
179 274 3
97 129 5
271 785 3
615 677 11
432 664 4
968 969 1
671 749 6
961 962 14
520 777 15
694 929 2
614 736 9
119 225 8
461 582 3
844 845 13
430 640 9
814 815 4
677 910 10
579 821 14
186 299 9
812 813 1
616 617 11
114 655 9
151 152 12
188 802 8
506 776 7
297 547 6
659 998 11
455 982 14
39 738 3
781 782 9
419 556 6
129 548 6
65 651 1
162 957 12
466 693 13
80 537 4
833 834 4
499 500 1
118 119 7
176 961 4
221 222 14
12 796 6
231 479 4
344 876 8
885 990 8
26 312 13
941 985 2
112 957 4
278 832 2
145 368 9
28 352 13
143 381 8
231 380 1
318 770 2
614 633 6
338 339 12
76 501 9
230 286 12
484 485 2
565 566 12
228 410 10
156 880 13
65 520 2
523 781 8
712 984 13
102 397 11
101 766 10
116 620 10
319 344 2
29 30 6
621 859 2
119 671 12
571 992 11
654 655 14
599 626 2
444 567 4
138 734 3
326 327 4
61 455 3
218 567 13
658 659 12
90 91 8
73 655 12
28 29 13
501 910 6
367 496 8
142 677 3
68 984 12
188 344 15
7 184 1
138 585 9
344 921 12
819 820 14
494 560 12
162 163 9
510 511 2
572 573 9
686 830 12
372 717 5
102 789 13
725 726 9
576 577 12
633 709 7
877 878 3
146 727 1
208 312 4
516 567 12
526 978 1
630 631 6
7 408 3
157 880 5
294 859 12
681 682 8
466 621 14
27 992 11
352 353 5
275 445 14
554 928 1
346 699 11
57 916 13
252 917 7
151 807 15
181 756 1
77 348 3
880 986 8
718 807 5
608 750 11
81 967 6
615 910 11
252 867 2
145 383 2
788 911 3
329 690 10
179 642 7
307 396 15
417 656 3
231 281 15
500 984 15
796 797 4
114 115 6
614 712 14
718 783 13
614 928 14
795 998 8
583 992 3
380 935 1
145 838 4
390 606 14
245 802 7
181 329 14
228 881 15
251 305 4
102 941 2
585 971 8
317 435 15
237 642 11
281 397 1
223 289 14
349 427 7
207 264 15
125 423 6
159 709 3
181 734 2
329 895 3
608 670 5
142 387 2
400 816 7
17 682 10
80 985 6
157 633 8
208 209 12
494 495 15
40 614 15
278 533 14
435 765 4
690 691 5
349 350 8
349 430 3
344 983 9
329 401 8
393 532 12
458 459 13
756 757 9
297 802 10
670 772 13
378 577 10
127 501 7
12 482 10
241 242 1
74 661 4
393 610 6
298 299 14
278 718 13
274 748 14
102 835 13
5 6 2
191 204 5
220 594 2
766 767 9
279 895 14
312 712 1
133 567 1
12 985 14
133 930 11
401 685 5
74 344 7
159 263 6
231 855 8
62 926 10
6 901 12
133 766 8
137 204 1
7 982 1
8 661 6
261 579 11
815 816 1
776 876 9
26 886 13
290 537 2
468 469 12
44 45 6
167 168 3
184 348 12
633 693 15
26 416 12
978 979 15
233 781 5
223 224 8
73 844 8
138 895 12
547 935 4
455 895 9
387 585 2
207 237 6
222 585 7
9 10 13
803 993 7
860 861 1
668 803 8
380 709 12
403 496 4
465 544 4
486 487 7
735 736 10
197 198 8
284 772 6
352 548 13
455 891 5
466 764 12
65 182 9
718 719 10
227 228 6
297 816 9
74 188 14
767 768 10
237 661 13
11 12 3
134 281 10
65 66 11
182 983 12
567 984 15
237 670 11
343 344 10
419 886 15
608 748 13
136 137 6
281 985 14
736 841 4
134 380 14
281 524 12
133 145 5
145 984 3
387 803 6
503 504 9
529 530 2
86 784 4
237 785 4
225 482 4
96 640 2
150 863 5
8 670 12
63 281 11
361 362 9
275 841 10
703 859 13
63 796 3
363 394 15
68 368 5
772 912 14
748 944 7
133 218 14
74 380 7
141 736 15
266 679 11
80 771 6
279 651 4
520 917 9
423 424 6
997 998 11
129 971 5
25 262 11
391 392 2
697 803 2
182 520 4
12 835 9
180 520 12
237 764 15
76 445 13
8 608 4
712 736 14
294 537 5
134 442 1
352 902 8
26 294 11
434 912 3
895 896 5
263 380 2
231 510 9
179 567 14
133 710 3
100 629 10
644 855 7
18 19 11
240 727 3
368 859 11
130 488 14
261 821 8
197 777 14
240 896 1
685 860 12
633 661 13
76 777 10
312 516 10
724 859 13
288 289 14
479 564 9
882 883 6
78 79 10
129 585 15
931 932 1
592 727 15
348 760 2
76 492 3
62 649 12
841 984 11
418 669 7
567 928 15
397 835 5
941 942 15
752 753 9
615 656 2
150 180 3
22 852 1
511 759 10
264 772 3
59 993 13
418 430 12
142 501 5
221 693 12
281 545 13
87 807 4
48 49 1
364 770 8
7 781 6
556 614 10
294 501 1
206 759 6
399 806 14
661 748 9
78 772 3
496 990 7
712 713 9
173 631 9
545 749 4
62 875 11
714 902 8
140 554 9
795 796 2
88 714 13
910 912 11
87 738 1
166 867 14
417 498 11
401 718 3
802 919 1
196 197 11
74 670 12
24 655 4
380 724 9
746 747 8
511 550 6
694 776 7
510 777 10
510 992 1
80 281 13
157 194 15
138 401 14
230 547 6
89 90 5
253 545 2
751 792 2
802 816 5
822 919 10
133 896 2
856 857 8
148 435 15
571 572 10
100 957 8
549 550 5
173 807 8
675 992 13
829 830 13
51 188 5
215 425 2
418 608 3
201 202 8
182 931 13
268 807 10
279 718 11
801 802 12
284 993 10
664 986 14
810 811 6
608 633 3
205 294 13
78 736 12
179 984 11
333 334 8
197 949 15
55 496 7
80 397 15
614 709 15
133 208 3
87 106 8
109 942 1
712 816 12
399 400 13
5 471 7
305 768 7
364 574 15
498 615 9
715 716 13
587 856 6
736 927 14
76 614 1
372 373 5
417 471 1
232 233 3
40 986 15
134 210 5
92 435 8
887 888 8
856 961 14
471 651 15
181 278 6
40 547 12
380 381 9
892 947 8
16 17 7
510 520 5
64 998 14
25 379 11
77 307 5
230 442 3
138 690 3
983 984 3
563 564 5
74 935 4
74 179 15
351 784 10
166 167 7
102 749 9
141 604 1
679 776 2
343 859 14
319 776 1
127 772 3
679 983 1
245 350 9
397 482 7
857 858 6
466 772 10
348 957 15
434 435 2
200 919 2
501 841 2
145 500 1
273 274 12
913 914 10
352 393 5
231 644 14
166 777 1
92 520 15
319 931 13
709 881 2
567 712 7
133 444 5
65 197 11
104 105 1
200 299 6
138 222 3
92 621 13
205 510 2
64 461 2
280 281 3
218 712 12
78 539 3
728 941 11
216 720 10
102 119 9
151 901 3
471 599 4
816 927 9
182 506 3
182 876 11
179 748 2
112 828 15
162 644 10
832 872 7
100 272 14
480 611 9
688 967 15
312 927 13
8 228 7
147 261 10
225 785 8
74 228 3
364 656 3
556 712 8
435 608 9
847 848 12
765 859 6
876 983 14
264 693 3
592 734 10
157 210 11
102 281 8
17 813 1
412 992 7
585 586 15
139 140 3
686 687 13
215 216 13
207 670 13
592 690 7
615 772 5
27 583 10
237 271 5
526 607 4
260 769 4
208 445 11
880 919 1
644 645 13
783 872 1
921 929 14
396 596 4
127 697 6
517 518 6
339 668 9
611 817 12
81 390 12
287 319 6
709 1000 9
237 633 8
265 560 14
980 981 3
13 14 11
151 352 9
426 427 10
143 446 6
455 822 8
188 736 4
275 614 12
10 484 6
127 803 4
294 841 10
629 630 5
218 928 6
651 734 12
214 729 9
651 784 4
24 114 9
96 925 11
872 895 15
319 929 8
8 410 12
312 445 2
264 669 9
435 742 3
119 346 5
181 690 2
691 692 9
401 872 13
161 942 3
664 665 12
567 927 11
127 656 12
7 633 9
259 467 11
134 625 5
564 583 8
262 263 2
109 294 1
224 442 5
55 885 3
496 497 9
251 611 13
364 661 14
180 432 3
727 895 13
473 928 2
78 803 1
804 946 8
87 649 5
59 417 1
820 821 15
567 816 11
364 668 14
119 985 14
210 709 4
92 180 3
724 725 12
12 699 14
315 316 12
141 567 4
497 782 4
271 272 9
208 294 8
275 859 4
430 669 12
534 535 12
239 240 7
65 166 5
73 83 4
510 945 11
344 776 1
209 829 5
670 984 3
579 580 13
413 416 12
179 683 6
188 455 7
734 912 2
75 130 10
884 885 3
557 558 8
245 891 15
614 841 15
40 880 10
261 329 4
65 471 15
76 886 12
977 978 6
266 344 15
156 633 5
589 590 5
482 796 15
78 222 12
68 445 8
150 621 15
516 833 10
502 505 15
393 788 9
434 460 8
181 651 3
64 654 6
734 832 10
108 949 14
668 910 1
62 337 9
228 772 13
364 615 3
281 986 6
498 697 8
230 975 5
188 350 7
26 208 12
271 867 2
214 610 11
251 695 9
585 803 2
651 982 3
172 173 13
284 548 4
14 872 13
467 514 5
223 843 3
115 408 8
381 677 5
294 796 6
368 416 14
25 635 15
195 649 5
917 918 11
106 506 12
26 928 14
431 432 9
596 597 11
633 764 13
332 848 9
97 993 8
855 986 11
789 859 13
278 727 1
7 523 5
344 929 15
920 921 8
278 492 8
74 157 8
889 890 2
279 832 12
61 736 9
258 259 10
272 273 3
274 669 7
835 930 15
64 268 14
264 427 6
727 874 3
245 919 9
329 982 1
252 271 12
207 693 5
87 428 9
8 640 6
87 718 14
7 587 7
145 758 13
59 78 9
196 416 15
634 798 6
672 673 4
65 867 12
273 941 3
26 368 3
97 417 10
63 785 1
221 728 2
146 240 14
737 750 12
319 428 12
999 1000 7
410 669 9
59 615 6
272 676 10
181 182 1
824 825 8
146 644 15
261 872 2
290 985 4
607 852 10
226 233 11
182 945 3
102 229 6
22 95 12
371 695 2
145 927 15
656 803 1
508 509 15
381 446 12
489 490 15
466 692 5
101 283 4
205 307 8
621 622 3
483 484 1
63 119 10
130 379 9
652 653 11
29 37 9
281 699 4
74 427 14
367 432 7
301 792 4
225 835 13
87 876 6
903 990 1
250 720 14
134 487 4
553 554 1
888 889 4
400 401 5
261 944 14
626 627 9
153 154 2
155 162 3
585 668 14
204 260 12
344 664 14
186 443 13
697 772 11
27 564 11
322 567 9
416 500 13
742 743 9
506 507 15
349 748 2
668 912 10
76 141 14
72 548 9
828 942 5
400 547 4
539 540 8
417 418 12
634 727 8
378 379 15
137 608 15
97 697 4
201 795 2
205 760 9
776 777 11
498 668 12
382 654 8
129 772 9
563 792 1
273 363 4
36 981 2
892 893 1
217 480 5
322 877 3
101 117 11
223 797 12
436 858 7
651 882 5
78 971 8
954 955 3
61 78 4
92 859 14
477 478 4
76 928 10
410 984 8
608 693 10
501 928 4
87 195 12
762 763 6
76 77 5
141 205 15
835 836 3
367 607 5
5 526 15
74 880 11
928 929 3
142 615 1
281 935 7
668 772 15
294 749 3
639 640 12
608 642 15
170 727 1
180 526 9
137 437 6
61 891 13
417 910 11
24 428 14
207 953 13
703 704 8
96 789 9
294 942 3
670 813 12
777 917 15
599 742 5
52 53 1
869 870 15
503 547 15
855 880 10
329 727 7
670 764 7
231 935 9
500 501 8
157 855 12
59 284 12
720 721 1
781 872 7
640 984 2
188 200 4
547 880 7
328 596 8
183 570 12
133 500 10
718 781 15
560 894 11
570 892 13
498 993 9
368 614 7
818 819 15
134 633 7
245 822 3
182 266 3
433 972 6
253 254 5
497 993 9
63 537 15
825 826 7
716 859 14
417 651 5
173 261 7
281 835 14
567 683 8
625 670 12
261 718 15
102 482 4
134 230 2
218 419 3
482 671 4
933 934 6
958 959 11
74 245 2
218 275 8
419 420 10
415 505 13
760 981 12
858 859 1
221 470 9
346 749 13
475 476 2
179 633 8
390 980 9
159 881 14
253 941 15
799 800 12
119 941 14
867 868 7
390 391 4
555 556 11
677 993 11
166 510 14
138 592 4
105 481 10
141 416 3
836 837 9
306 307 7
197 252 6
539 803 7
145 928 11
207 640 7
100 184 8
501 615 14
548 677 10
346 796 11
259 260 5
434 547 10
189 210 15
533 734 2
53 54 13
614 885 13
226 523 4
952 953 13
40 578 3
166 197 5
205 348 8
349 466 10
510 636 1
297 755 11
200 302 15
141 928 13
434 906 13
764 765 12
8 207 14
671 941 4
661 693 7
138 781 9
148 742 9
225 346 12
787 788 14
859 863 4
585 615 7
312 833 2
417 971 7
80 225 3
309 310 10
434 442 2
410 640 12
341 857 8
78 802 1
279 781 15
186 200 6
133 859 10
487 547 4
547 644 4
251 371 9
403 903 11
433 635 12
127 129 8
497 498 10
364 697 5
668 697 11
133 984 14
846 847 8
55 903 5
78 142 1
194 195 6
253 699 5
765 766 10
623 624 8
133 134 15
773 774 3
615 668 15
430 642 9
985 986 11
421 422 5
182 319 15
181 781 10
995 996 11
355 356 4
188 822 2
445 927 6
133 878 3
74 644 13
284 498 4
514 957 14
548 993 11
859 984 12
138 261 3
225 537 12
615 912 9
312 444 11
76 419 12
74 231 9
349 410 7
261 895 8
514 515 6
205 682 3
709 710 2
51 822 6
40 264 13
271 945 9
404 830 10
949 950 9
409 410 14
766 910 9
179 640 13
380 644 1
274 642 5
263 993 11
138 533 5
143 144 11
802 880 10
248 772 14
319 679 13
134 231 15
781 895 1
228 355 3
209 753 12
272 629 15
876 921 2
454 455 15
200 971 9
21 22 7
273 779 12
817 982 12
275 416 13
284 971 5
173 250 4
78 668 13
194 502 3
59 912 7
138 872 10
960 961 3
789 790 2
201 648 11
387 912 13
352 901 14
397 537 13
207 608 13
311 312 7
102 346 12
451 513 14
712 886 1
633 669 9
401 482 15
213 244 11
182 777 5
526 772 4
614 986 3
424 425 1
203 204 13
151 173 13
144 596 13
455 781 15
39 390 10
222 891 6
323 324 10
251 252 9
57 58 9
210 231 9
401 781 2
506 931 12
683 693 5
194 688 15
182 921 2
228 748 15
364 539 1
66 67 5
51 222 5
106 931 13
80 796 8
129 910 15
97 127 15
419 928 2
942 943 6
278 872 8
6 352 9
524 655 4
294 984 5
383 384 1
197 317 5
26 859 1
8 349 13
736 859 14
266 776 7
264 984 1
74 78 1
679 921 5
171 172 1
64 65 12
661 772 10
8 669 1
317 742 1
307 308 1
469 525 8
533 718 10
210 281 12
501 556 13
301 412 12
127 284 3
736 766 8
256 258 2
181 592 7
453 454 11
497 585 12
106 189 9
364 910 10
312 984 3
614 859 2
134 670 4
823 824 11
433 862 12
106 319 11
262 635 9
142 656 7
137 804 10
637 638 5
779 941 1
294 614 3
3 4 7
240 644 7
664 679 12
329 783 6
368 736 1
231 264 3
7 115 8
196 446 4
78 697 3
726 727 9
399 825 6
387 993 7
64 341 1
180 703 14
540 541 8
215 372 9
133 141 14
40 633 7
774 992 5
768 919 2
403 404 6
754 755 5
387 677 14
216 217 12
467 584 14
305 611 15
418 419 15
157 578 1
645 765 7
397 398 5
16 344 10
179 693 7
182 929 5
150 724 10
87 390 10
73 729 3
335 336 1
244 396 1
265 494 13
262 433 6
479 480 9
352 714 5
142 912 4
633 855 9
416 984 6
36 821 15
179 670 7
205 957 10
834 835 3
699 785 1
145 501 9
278 279 3
539 615 9
806 807 14
19 20 2
362 693 10
63 80 6
333 604 13
126 496 7
179 608 6
401 727 3
166 228 10
387 539 4
971 972 11
68 416 13
189 737 3
798 799 1
282 283 3
410 418 12
281 633 14
712 927 4
231 633 1
80 671 4
196 991 11
633 772 7
251 759 7
345 346 1
974 975 8
317 949 7
184 205 9
343 621 13
262 379 9
364 501 6
112 113 5
654 813 6
12 102 11
459 686 5
500 927 5
526 606 13
294 785 15
661 662 2
299 624 12
417 488 14
200 363 10
470 829 14
682 683 11
651 812 5
822 880 1
520 528 12
114 872 7
73 114 7
281 537 15
68 927 12
40 231 5
74 207 2
827 828 13
603 604 15
785 985 13
32 33 7
792 793 11
69 70 3
102 916 6
537 749 8
741 742 5
30 31 12
10 268 1
80 81 12
727 830 12
220 961 1
417 803 6
159 782 14
390 526 8
101 102 5
867 917 10
120 121 5
206 511 14
274 661 7
40 157 8
312 886 9
427 661 12
533 592 1
205 479 1
59 548 9
134 224 9
78 910 8
74 281 4
264 670 2
493 494 4
445 501 1
647 648 5
26 141 11
224 547 4
645 646 14
299 919 15
297 912 13
907 908 4
797 843 5
640 670 10
642 661 9
244 245 6
230 302 5
266 506 4
529 897 10
385 969 1
201 654 8
715 781 10
284 417 2
709 855 8
206 550 12
129 501 8
301 992 3
133 416 3
364 677 7
194 390 6
368 445 10
96 582 7
367 658 13
750 804 10
380 547 3
878 879 5
498 499 6
179 322 6
425 659 12
419 445 11
297 906 9
61 919 4
188 971 1
55 892 15
622 790 2
927 928 15
345 596 11
526 527 8
348 467 5
166 252 1
127 585 3
397 671 1
227 379 3
520 645 12
67 567 12
781 982 1
614 880 6
182 428 4
252 510 3
520 859 6
336 655 14
355 670 5
352 759 2
506 664 7
344 679 15
281 644 5
229 916 3
614 886 3
556 886 12
12 749 13
727 896 12
182 197 6
394 503 14
446 991 7
592 872 15
57 473 12
430 633 2
444 816 7
210 211 3
12 133 6
274 633 11
144 145 12
585 677 12
74 430 12
393 844 1
278 329 10
127 142 9
205 231 2
547 564 14
467 981 3
237 953 8
567 841 7
372 998 10
428 694 9
142 803 2
322 323 4
471 626 3
228 608 4
642 670 5
608 953 13
186 624 8
266 428 8
862 863 13
180 765 5
868 869 14
157 547 15
539 668 12
661 953 9
821 860 6
17 510 9
427 428 5
828 896 11
138 727 14
181 496 14
159 948 12
487 488 12
100 514 5
141 961 14
532 533 8
181 604 4
189 190 8
254 255 7
57 928 3
129 993 3
255 256 15
180 724 3
12 828 7
608 984 6
550 696 13
523 822 10
231 564 4
237 608 3
574 575 10
287 983 13
505 508 3
245 736 14
427 772 13
432 658 14
417 501 4
197 510 6
498 585 6
349 608 6
195 196 10
610 729 7
182 287 7
498 656 1
355 693 4
290 699 1
910 993 15
178 179 12
291 292 11
599 949 11
975 976 14
102 404 9
580 685 15
231 880 4
294 419 11
876 877 5
8 274 2
826 827 8
539 585 14
286 302 11
114 524 13
435 750 13
656 813 6
679 929 12
305 306 4
141 368 6
519 520 7
294 397 4
274 427 7
794 795 6
57 763 9
664 931 8
541 542 11
92 863 12
633 986 8
168 527 11
312 419 8
134 796 2
27 479 3
281 671 6
61 344 15
162 370 11
72 352 13
496 969 4
670 953 3
848 849 3
337 570 11
764 772 7
640 748 9
179 953 6
467 760 1
727 872 10
445 816 7
264 355 11
414 415 1
380 539 13
953 954 8
47 854 1
724 863 2
133 501 14
244 596 12
965 966 11
80 290 6
871 872 6
710 850 2
208 736 6
173 233 8
255 607 1
441 442 13
102 537 8
198 199 12
370 371 10
78 97 9
503 517 15
510 813 14
133 798 1
476 477 7
97 772 11
78 615 13
528 917 2
651 783 3
748 764 15
201 382 2
266 766 9
625 626 15
168 639 4
11 272 10
665 688 5
287 929 6
4 141 9
522 523 1
219 220 11
498 501 7
160 161 13
417 622 5
935 986 13
279 592 14
355 764 15
707 708 12
730 731 12
984 985 11
279 982 14
771 772 1
261 781 11
61 802 15
560 693 5
418 466 7
865 866 13
614 644 14
343 703 1
368 501 4
460 796 12
177 178 2
912 913 10
772 773 3
777 945 1
390 738 10
382 795 9
74 953 1
525 897 11
526 852 2
556 859 10
294 941 8
607 978 6
12 253 7
76 736 11
279 727 12
471 472 11
608 737 9
207 661 3
772 803 10
12 671 7
696 759 4
209 210 1
880 881 15
378 564 9
418 984 5
734 783 6
20 21 11
23 517 11
76 275 14
97 912 7
859 886 6
265 433 3
896 897 6
466 798 9
382 383 6
4 5 12
97 387 2
142 772 2
236 242 5
133 828 3
59 803 10
775 776 15
24 524 10
12 290 2
207 228 15
143 633 15
607 608 10
237 264 2
633 880 5
261 982 9
615 971 15
690 783 15
387 548 2
68 76 11
470 471 12
8 693 8
45 46 8
261 401 3
278 777 8
417 912 5
472 473 8
538 539 1
537 538 10
528 945 14
218 312 8
642 693 8
274 764 15
230 231 10
718 895 10
206 696 5
62 63 12
387 615 2
314 315 5
492 699 12
784 808 2
319 664 4
98 99 2
78 919 14
924 925 7
498 912 9
950 951 11
571 675 1
72 911 12
237 693 12
548 772 2
749 785 2
102 545 13
200 443 6
55 183 12
377 378 2
83 237 8
255 852 11
779 780 8
548 788 1
692 798 9
430 764 14
914 915 2
545 546 4
144 921 12
205 981 7
70 71 8
151 172 15
802 891 1
944 945 5
294 927 10
445 886 2
444 556 9
533 895 1
114 281 6
260 261 4
346 785 15
237 654 1
596 931 13
97 585 6
228 709 13
677 971 14
632 633 10
634 692 14
651 727 6
463 464 12
157 986 11
179 264 9
442 443 9
181 727 9
133 294 3
312 567 5
47 48 3
281 655 4
74 629 5
998 999 5
208 567 14
207 772 1
105 106 8
51 919 2
902 903 5
872 982 9
210 380 15
278 699 15
97 548 5
127 128 15
21 416 1
680 681 7
816 928 13
502 503 7
651 690 14
76 278 8
133 872 7
59 668 13
768 891 14
28 625 13
418 764 6
505 506 6
350 880 1
226 227 1
121 122 9
724 993 1
802 822 14
822 823 15
616 788 6
228 788 8
771 785 15
197 271 3
604 961 3
349 633 10
221 567 6
65 252 2
333 961 7
367 852 5
281 749 1
96 461 11
547 633 1
715 832 9
849 850 8
408 633 7
207 427 9
547 796 2
734 906 5
133 275 15
112 348 9
183 547 7
205 992 9
298 319 7
156 644 9
122 401 11
690 895 12
220 587 2
106 266 1
455 718 15
355 953 4
348 349 11
76 416 13
583 919 12
109 782 11
27 231 9
978 986 5
471 949 12
294 346 15
102 985 14
570 571 5
640 661 7
346 347 15
68 841 4
184 307 1
520 765 10
548 697 14
271 520 2
373 560 14
699 985 4
501 984 10
971 975 5
491 492 7
347 348 6
250 631 9
237 748 2
748 953 9
452 453 8
264 430 11
26 736 3
428 664 9
181 718 9
434 734 7
635 715 14
661 670 15
387 772 1
12 545 15
556 557 10
355 748 14
68 501 15
51 455 12
614 927 11
26 567 9
873 874 1
179 355 2
165 668 6
146 634 6
228 984 5
169 170 13
294 816 14
912 993 11
97 284 13
895 982 12
500 816 2
343 645 4
368 886 11
782 794 5
435 621 6
137 737 12
349 642 2
117 766 1
644 874 2
528 867 14
760 761 10
28 670 13
228 764 4
560 561 3
854 954 3
611 982 7
436 676 11
671 985 1
270 271 12
24 503 5
322 693 11
657 658 11
101 910 4
268 461 7
592 982 9
594 595 9
74 355 11
181 333 15
222 880 13
405 406 6
166 917 8
690 982 5
378 547 4
74 455 13
40 380 1
789 830 11
416 419 1
59 501 2
532 548 11
582 640 1
419 444 15
633 640 14
785 796 2
92 703 3
194 967 2
502 508 12
195 390 8
350 736 1
443 825 4
278 734 5
253 290 12
718 734 3
387 388 3
206 625 14
294 968 10
287 664 3
129 912 15
73 237 15
539 724 7
74 633 2
129 539 15
417 677 11
511 512 14
222 854 7
658 969 4
777 867 6
533 534 14
539 912 14
134 855 15
279 533 2
824 897 13
479 583 6
419 500 7
614 935 13
266 267 7
275 736 14
403 990 5
349 670 7
55 947 1
368 816 13
379 715 3
154 401 6
859 928 13
287 506 5
679 694 1
182 344 11
210 855 9
63 771 15
364 971 12
113 114 13
281 482 13
389 390 4
80 749 2
664 851 13
642 984 9
300 301 12
237 772 13
445 614 15
1 2 9
220 922 15
729 730 10
714 715 1
736 737 13
455 783 12
556 816 3
117 118 2
140 928 14
244 328 12
74 274 14
758 759 7
17 636 10
433 494 11
387 668 2
286 975 13
156 986 1
24 281 14
26 556 1
278 455 5
368 927 13
821 981 10
883 884 11
218 943 15
419 927 12
81 82 2
537 985 2
842 843 12
398 399 11
224 230 7
401 996 9
68 614 13
231 547 14
14 449 14
157 502 1
205 514 2
336 910 11
435 724 1
8 633 3
10 11 2
445 500 15
506 694 4
81 688 2
134 935 11
273 394 9
943 944 1
100 467 14
621 863 6
402 403 8
276 277 10
485 486 2
450 451 15
68 312 9
694 921 15
154 330 6
271 917 2
68 556 4
683 684 15
945 946 4
68 141 12
59 97 6
284 285 14
67 68 5
183 892 5
355 661 2
138 455 9
213 596 8
690 715 12
8 9 6
588 589 7
77 184 2
699 941 1
710 835 7
264 274 12
123 124 2
394 553 10
351 808 2
640 925 15
150 703 7
207 355 6
863 864 4
245 344 9
275 567 13
206 670 7
59 364 5
437 769 12
66 229 15
434 796 9
612 613 13
253 985 12
78 501 4
410 693 6
207 466 2
721 722 7
355 984 4
197 528 10
6 981 6
173 523 12
130 131 7
624 919 3
601 602 11
77 514 7
329 715 15
91 92 7
261 262 15
341 382 9
265 634 13
156 547 14
275 368 8
727 728 12
68 500 6
634 896 13
264 644 4
208 927 2
585 772 8
76 218 4
134 880 7
12 941 6
265 692 11
513 655 11
25 26 11
207 642 3
73 610 11
25 62 15
51 344 8
165 166 11
345 921 12
399 427 12
87 694 1
669 693 2
151 821 3
497 724 7
708 709 9
6 36 14
928 984 9
373 693 11
102 294 4
679 931 1
72 788 10
651 652 7
333 756 1
92 765 11
430 608 8
170 459 12
592 715 10
264 380 7
445 736 3
217 768 7
141 208 8
78 585 9
469 824 13
390 940 5
404 789 8
621 716 7
105 808 10
106 776 11
253 835 10
699 771 12
97 142 5
193 448 9
67 693 15
736 984 6
295 296 11
556 984 7
568 569 1
585 697 5
78 455 5
390 688 10
15 770 13
704 705 14
63 749 1
881 882 12
92 93 1
14 326 2
575 576 14
263 724 9
290 397 13
761 762 15
661 770 14
74 237 9
355 430 9
274 466 15
24 25 12
699 777 15
577 578 10
88 902 14
559 560 9
184 982 15
278 781 15
757 758 15
490 491 14
749 941 14
435 949 10
225 671 10
237 466 9
410 608 8
24 283 4
78 350 5
228 953 11
81 940 13
330 331 2
449 633 8
536 537 5
188 891 8
75 417 13
349 661 13
674 675 7
12 537 8
141 984 13
7 220 8
228 418 8
667 668 9
170 686 12
11 275 14
26 500 11
703 724 13
100 205 13
533 727 7
502 804 15
592 832 4
181 401 7
217 611 10
664 776 14
287 921 13
564 734 3
35 36 6
625 813 8
694 695 15
55 337 12
606 980 2
466 661 5
677 678 8
266 287 9
528 813 9
122 996 2
749 985 15
368 928 2
281 290 5
416 712 8
278 651 9
693 772 13
2 3 5
344 880 6
748 807 2
547 578 4
207 208 15
200 975 8
874 896 12
162 917 10
294 928 12
937 938 2
611 612 9
27 205 2
207 633 4
222 822 8
614 984 2
973 974 11
341 795 3
379 417 6
59 910 3
197 867 1
622 651 12
737 804 9
127 417 5
180 367 11
548 549 5
343 435 5
445 841 15
228 948 12
557 600 5
312 614 14
339 340 12
222 497 8
10 974 14
350 351 9
387 910 11
307 630 8
77 112 10
496 903 1
77 205 14
261 616 12
765 863 14
596 921 5
253 771 4
567 568 5
881 891 9
75 381 10
701 702 9
255 526 10
252 528 11
274 608 2
547 802 8
671 699 11
73 281 14
166 520 9
841 842 15
319 320 9
156 157 13
138 783 15
63 835 8
748 772 6
656 993 9
207 274 13
584 611 12
416 928 10
785 941 13
284 387 4
12 165 8
416 816 7
548 668 5
355 608 3
251 480 13
433 560 13
144 931 5
66 695 6
341 654 1
182 867 9
633 872 15
74 418 12
812 882 13
284 615 8
237 355 3
378 433 4
363 364 2
63 941 10
76 556 4
437 438 5
703 716 4
734 781 3
284 539 14
364 365 6
410 466 6
65 777 14
127 677 11
133 556 3
4 333 12
492 777 2
97 803 11
709 948 7
165 828 2
109 828 8
512 513 8
607 986 7
435 436 8
417 539 15
611 711 15
204 769 13
505 804 6
771 796 14
145 600 4
791 792 3
268 974 1
640 772 12
607 851 4
213 396 15
264 764 6
290 835 7
73 428 14
558 559 6
242 243 15
307 981 6
37 38 4
168 946 6
188 302 1
74 272 8
222 350 3
371 372 3
57 102 15
839 840 7
57 140 2
585 912 8
528 529 2
599 600 1
265 466 11
97 498 5
934 935 14
78 677 3
520 867 12
213 307 14
768 881 3
334 335 3
344 455 10
367 385 6
585 656 9
86 941 10
26 614 3
157 644 12
803 910 15
1000 1 15
312 313 5
279 280 6
248 717 14
545 796 1
127 910 9
545 835 9
435 863 10
712 859 9
862 972 13
548 910 10
957 981 3
181 533 10
364 498 2
697 910 12
142 971 8
422 423 1
789 925 13
699 796 5
210 880 2
26 841 10
496 885 9
455 832 9
141 500 11
250 251 4
352 821 10
208 500 4
507 508 3
106 664 7
145 736 10
689 690 7
101 312 5
246 247 10
274 410 1
427 670 15
712 841 13
427 640 12
666 667 2
528 777 1
186 919 14
251 567 14
656 772 10
434 487 4
180 986 14
931 983 8
664 921 7
772 953 9
92 150 14
274 953 7
62 390 14
690 872 4
51 78 3
608 669 2
813 814 11
417 790 6
205 942 11
207 764 15
571 774 15
488 489 12
736 891 13
74 693 3
645 724 6
715 727 13
642 669 9
344 428 5
112 184 12
17 528 3
87 931 2
655 656 6
294 794 4
480 768 6
25 337 13
218 859 3
102 859 14
180 852 3
176 220 15
648 685 8
251 352 1
380 497 4
455 734 12
344 694 8
78 417 12
336 337 14
269 270 12
870 982 13
319 983 12
886 887 4
498 539 3
142 993 10
62 195 15
133 835 9
228 661 1
86 658 4
326 872 15
651 832 10
368 712 12
109 110 10
417 668 15
210 737 9
379 380 5
208 859 3
677 912 5
749 750 5
755 756 1
867 945 8
348 981 10
716 863 10
218 500 13
594 856 1
671 796 14
344 822 9
582 925 5
184 185 8
530 531 15
718 727 14
416 886 5
369 370 8
428 524 11
427 825 14
329 872 4
547 599 10
446 633 3
264 281 9
688 689 1
150 859 5
179 466 8
207 349 7
442 796 1
583 848 6
501 585 1
499 877 11
561 562 15
180 851 8
446 447 5
106 983 9
294 445 11
364 469 5
410 748 6
372 526 15
514 981 6
129 397 13
418 925 11
181 961 5
501 927 15
471 622 1
500 712 6
724 765 13
142 417 7
352 481 5
509 510 15
466 953 10
951 952 14
501 803 9
8 264 7
416 445 8
772 993 6
506 679 7
537 835 11
285 286 4
208 928 3
157 804 4
39 87 5
727 832 11
55 403 15
317 318 3
24 394 11
87 921 12
76 816 10
100 348 9
401 783 5
63 482 11
208 886 14
664 694 15
728 829 11
99 100 7
617 618 11
699 700 4
608 640 11
119 835 14
455 456 5
225 397 11
57 554 4
651 715 6
141 682 3
40 210 6
68 712 8
816 984 12
710 930 4
482 835 6
63 290 10
727 982 9
266 876 11
537 671 1
103 104 14
563 751 10
563 992 10
201 482 7
181 872 3
78 498 12
97 539 8
344 919 9
329 718 12
537 728 12
638 639 5
172 821 15
41 145 4
776 921 15
964 965 13
415 804 9
501 539 8
231 232 10
433 564 13
145 312 11
915 916 3
114 633 2
7 176 1
78 129 2
207 984 15
176 177 6
339 358 3
851 986 12
539 782 11
141 756 3
145 146 10
87 506 11
501 712 14
10 297 2
460 547 10
368 841 3
349 355 5
368 556 9
7 8 1
385 753 12
102 671 15
93 94 1
500 736 3
112 872 14
65 945 7
263 539 11
262 715 8
418 953 3
127 971 5
715 895 6
364 417 1
619 620 1
119 397 12
608 772 15
141 841 7
168 296 7
947 948 7
648 649 11
42 43 12
640 789 2
76 699 15
581 877 3
264 578 5
159 993 10
471 790 9
76 133 12
197 917 8
77 760 1
994 995 8
26 927 4
138 497 6
651 781 5
274 772 1
83 84 15
432 433 8
174 175 3
427 764 4
102 103 6
100 101 4
12 785 1
644 880 8
142 143 6
594 961 5
351 481 1
186 187 5
829 941 3
397 785 10
68 133 5
28 134 5
401 651 11
207 418 11
150 151 5
861 862 15
455 880 6
436 437 12
881 1000 3
495 496 6
640 953 6
211 212 1
274 640 12
205 206 14
439 440 9
600 838 5
498 971 12
26 145 11
78 912 9
145 816 12
112 981 8
125 297 4
879 880 4
736 802 5
640 669 9
312 841 7
60 61 13
717 772 8
297 400 5
419 736 8
63 102 1
215 998 12
182 694 11
150 645 7
434 631 2
261 429 5
119 785 11
142 910 15
192 193 11
264 608 10
50 51 5
138 278 3
404 405 5
393 911 6
28 165 14
24 553 1
107 108 10
180 435 10
537 829 7
886 927 13
663 664 7
376 377 14
440 441 10
518 519 1
74 75 11
68 736 1
210 986 3
26 816 8
180 181 2
396 397 12
271 528 11
344 891 14
287 694 10
151 981 2
279 614 2
498 803 14
556 928 14
266 319 2
401 832 4
129 803 5
500 928 11
828 829 4
381 417 3
294 671 9
418 427 5
578 614 12
148 149 2
87 266 13
675 774 13
507 843 11
261 360 3
432 978 11
265 621 11
12 771 6
182 679 6
416 614 7
100 676 5
885 903 6
261 807 3
344 910 9
6 7 14
533 872 14
142 284 13
835 878 10
479 790 8
294 835 14
500 556 10
159 380 11
133 165 2
148 599 12
205 794 15
772 910 10
248 249 12
217 251 7
525 529 11
343 863 15
345 931 12
332 333 5
385 658 4
197 945 8
355 466 7
119 120 12
297 577 2
312 368 6
66 371 1
697 993 1
412 413 10
237 656 3
748 749 9
755 772 5
479 992 10
294 985 6
621 765 2
41 393 8
547 577 4
129 142 7
825 919 14
279 715 7
68 218 4
537 545 15
24 101 3
281 941 7
141 142 5
221 683 3
466 634 7
26 76 8
165 896 8
225 290 1
626 902 5
66 102 13
756 961 15
459 830 8
25 715 10
492 493 9
119 749 8
362 363 7
81 194 11
151 748 10
715 718 9
567 614 3
87 664 1
76 567 6
733 734 11
471 980 2
236 237 14
21 413 7
806 825 8
470 537 11
225 749 10
446 786 6
401 734 6
129 697 10
59 127 15
742 949 2
444 927 14
678 679 5
51 52 15
264 709 1
716 724 14
302 971 6
80 941 2
237 274 5
349 418 5
81 665 3
141 294 15
145 393 14
210 547 2
127 498 3
380 993 15
36 352 10
208 275 3
419 614 9
122 123 7
6 151 11
346 482 10
360 617 15
261 617 5
739 740 11
66 251 12
8 430 2
461 925 2
498 772 7
78 822 10
92 716 12
68 145 10
343 724 6
353 354 9
465 466 14
344 513 11
165 339 4
80 545 4
368 444 2
940 941 13
501 548 10
695 696 3
74 986 3
781 832 6
28 813 4
412 563 9
76 712 3
328 329 8
206 813 6
832 833 1
228 745 9
501 614 13
443 624 6
862 885 10
126 127 7
669 772 8
145 567 14
64 201 4
159 724 7
67 683 7
105 784 5
367 892 4
419 984 9
312 816 11
92 645 13
781 822 1
197 520 15
393 548 3
537 941 2
355 640 11
535 844 15
551 552 14
664 852 12
566 567 5
228 466 1
193 194 9
218 284 8
380 880 9
157 415 10
817 870 1
290 785 5
434 720 8
427 608 8
661 984 15
556 736 12
65 417 14
290 291 5
592 651 5
386 387 4
263 264 5
533 832 7
416 501 7
164 165 1
525 824 14
261 715 15
732 733 12
106 287 15
346 985 11
344 736 6
349 984 1
783 982 8
127 548 13
76 368 14
355 669 12
510 564 4
552 553 7
179 418 4
511 696 13
74 642 8
125 802 4
80 699 1
428 931 9
204 205 5
349 953 10
207 748 15
350 919 7
156 380 1
208 501 14
224 434 13
296 297 1
274 275 15
355 633 8
679 876 6
225 796 13
231 709 8
274 349 5
294 771 5
74 349 6
482 483 1
693 764 11
97 971 2
346 545 12
515 516 14
427 953 14
312 500 13
209 385 15
966 967 4
173 720 14
497 539 9
290 346 3
370 917 3
228 693 14
199 200 1
642 643 1
364 525 12
853 854 7
506 876 3
129 417 10
129 284 2
838 839 3
633 984 3
138 718 10
68 567 1
134 644 13
112 514 7
161 162 10
451 452 6
364 993 2
47 954 9
804 805 13
817 818 15
106 428 8
92 724 6
47 222 12
59 971 9
313 314 4
636 637 13
205 734 15
718 872 1
242 942 8
133 445 8
227 812 14
228 642 1
397 545 15
274 693 12
129 387 1
350 822 15
66 916 1
930 931 8
358 668 9
546 547 3
146 147 4
548 912 12
275 294 3
556 927 1
547 855 6
904 905 9
294 556 3
427 748 1
286 287 6
228 229 3
181 367 14
379 381 9
184 467 14
184 611 6
781 783 4
188 189 3
266 694 5
362 560 13
179 772 2
442 460 10
76 927 6
61 350 14
68 208 10
179 221 3
539 656 14
245 880 9
63 253 12
166 528 7
27 359 1
328 396 2
410 772 5
284 364 5
63 699 15
416 927 2
312 501 9
745 746 7
803 971 1
10 755 13
124 125 6
261 455 7
919 920 14
218 841 14
225 226 2
274 418 10
432 607 15
322 499 15
43 44 15
684 685 12
925 926 2
236 942 8
17 18 6
784 812 1
157 281 1
141 445 11
927 984 3
337 367 5
227 651 5
830 831 7
545 985 6
129 130 14
626 714 5
410 430 9
387 417 2
457 458 4
205 828 2
718 832 2
993 994 14
303 304 9
893 894 8
7 139 7
179 764 7
466 670 9
240 634 2
598 599 9
147 821 14
190 191 8
134 547 1
651 790 9
297 434 6
74 134 2
222 455 3
102 225 12
297 298 1
310 311 13
75 379 7
261 832 1
656 668 1
670 671 10
289 290 13
539 697 1
901 902 2
137 191 5
59 498 14
279 629 3
261 592 5
129 498 6
592 783 12
248 526 7
615 697 7
279 690 13
253 537 10
134 135 11
243 244 14
147 579 10
59 387 8
642 953 12
416 446 10
457 517 2
574 770 15
545 771 7
832 982 5
312 928 11
832 895 5
65 622 2
481 626 15
526 980 5
173 434 6
264 855 8
100 614 5
605 606 12
539 677 9
822 891 9
23 24 13
891 892 12
78 656 6
917 945 8
843 844 8
292 489 11
796 941 15
423 547 1
74 279 14
410 427 14
130 417 10
427 466 14
745 788 1
658 881 6
138 329 7
651 872 6
688 940 5
498 910 13
901 981 5
264 547 5
294 312 2
364 897 12
690 781 12
360 361 3
417 585 13
129 615 10
527 946 1
841 927 3
12 896 8
183 487 4
482 699 13
188 245 5
457 503 3
367 947 12
881 919 15
183 434 15
736 928 8
264 953 5
127 993 12
498 677 9
275 501 14
275 276 10
349 640 2
510 867 5
715 982 10
864 865 15
656 657 9
225 771 1
299 825 13
75 76 4
95 96 14
397 941 12
693 953 7
442 547 7
278 783 14
633 935 2
261 279 6
179 237 15
645 881 6
225 941 12
768 769 13
909 910 15
583 734 7
275 984 6
275 886 11
15 16 7
279 872 15
852 978 2
117 266 13
585 993 12
573 574 7
145 556 5
210 264 13
302 303 4
62 87 5
796 835 14
749 771 5
460 487 11
591 592 3
380 633 9
279 455 9
692 693 9
74 855 13
281 880 4
848 919 4
96 97 5
8 427 12
578 935 13
963 964 9
141 333 8
268 484 1
68 928 11
197 742 4
373 416 3
141 419 14
982 983 10
278 690 15
133 927 2
255 851 5
570 947 14
346 397 12
218 816 14
432 645 4
866 867 12
38 39 6
256 257 6
237 410 2
782 942 1
428 655 2
102 796 5
547 709 14
134 460 8
352 567 3
244 307 12
341 342 13
693 984 8
253 671 8
97 668 9
614 676 15
193 204 4
533 982 5
86 779 15
312 859 1
51 61 8
284 668 8
57 229 2
445 446 11
346 771 7
378 685 15
148 197 7
74 547 12
981 982 12
12 872 14
261 748 6
671 672 3
284 943 12
261 651 5
299 300 3
959 960 7
180 859 3
114 326 3
716 765 10
953 984 15
524 525 13
176 594 7
796 985 10
387 498 11
556 567 5
181 385 10
201 341 6
41 42 13
890 891 15
521 522 11
988 989 14
634 644 15
408 525 14
850 851 4
7 226 9
233 822 7
385 496 5
40 935 6
14 633 12
264 349 13
513 514 14
181 658 12
157 264 13
221 322 4
226 822 13
183 184 3
26 133 6
109 794 11
831 832 11
990 991 6
31 32 10
26 27 5
7 611 10
305 480 14
76 444 11
7 594 11
149 150 9
473 554 13
253 796 12
221 537 3
743 744 11
664 983 12
228 237 3
783 784 1
129 656 15
368 369 1
520 724 1
578 709 4
346 537 9
912 971 8
501 677 10
8 953 9
220 856 12
228 616 4
126 181 6
142 668 8
653 654 11
4 756 9
126 658 15
633 642 13
168 804 1
501 668 15
367 986 5
466 748 7
266 931 2
932 933 3
344 931 11
582 583 6
899 900 3
294 368 9
717 718 4
350 891 8
878 930 7
926 927 10
620 621 4
157 158 6
348 514 8
416 417 6
427 984 8
992 993 1
39 40 9
852 986 14
423 816 5
660 661 3
257 258 8
45 373 1
471 526 4
220 221 8
537 785 5
368 567 6
112 896 1
225 281 12
854 855 7
608 804 8
145 841 3
157 614 1
411 412 3
455 872 3
797 798 10
373 374 15
237 238 9
284 656 1
841 859 3
74 608 4
194 508 6
412 751 14
59 772 4
181 969 5
654 998 3
128 129 5
133 816 4
479 734 13
510 583 12
54 55 14
14 114 13
501 567 2
922 923 13
187 188 4
245 246 1
144 345 10
604 605 14
427 669 14
881 948 11
264 880 5
157 231 8
835 941 7
539 910 4
8 772 10
520 621 10
294 828 11
130 381 8
186 825 10
435 645 8
507 797 9
417 479 2
419 859 11
68 419 8
97 98 9
633 786 14
182 776 6
145 712 15
173 822 8